[fpga]
nco : 0e9
nch : 1
ndac : 2
nadc : 2
npar : 2
drate : 4
irate : 4
config : nonrt_ch1.cfg

[srv1-in1]
ip : 10.37.6.3
unit_name : SN0240
board_type : MB1
eder_version : 2
cal_iq_rx_a : 1.04068692092
cal_iq_rx_v : -0.12
cal_iq_tx_a : 1.03751928222
cal_iq_tx_v : -0.4
table_name : xytable1
x : 0
y : 0
angle : 0

[srv1-in2]
ip : 10.37.6.4
unit_name : SN0243
board_type : MB1
eder_version : 2
cal_iq_rx_a : 1.0867665764170809
cal_iq_rx_v : -0.16000000000000003
cal_iq_tx_a : 1.03169454373
cal_iq_tx_v : -0.2
table_name : xytable2
x : 1300
y : 0
angle : 0